1,-6,145
2,-5,146
3,-6,144
280,51,4
281,51,4
282,50,4
284,51,5
288,52,14
289,51,14
291,50,9
292,52,8
293,54,10
295,51,7
296,51,7
297,48,12
378,53,-2
396,51,0
397,52,0
400,51,0
406,54,0
408,54,-2
410,54,-5
419,56,-4
420,56,-3
431,53,1
432,52,0
433,51,-3
447,52,5
454,52,4
461,53,-6
725,-18,26
726,-18,31
733,-14,34
736,-4,15
751,-12,28
757,13,-8
864,-7,39
867,-3,37
869,-10,40
870,-2,33
873,-6,39
874,0,32
876,41,20
877,43,28
880,43,23
881,43,28
882,35,34
883,35,32
885,43,18
886,45,19
887,45,14
888,45,15
889,44,16
890,46,16
891,44,15
892,38,-1
893,37,-2
894,44,-6
896,43,-3
897,41,2
899,43,-8
901,37,-4
902,39,1
903,37,-6
904,38,-1
905,40,-4
906,37,-4
907,40,4
997,49,3
999,49,2
1003,51,3
1004,48,-4
1008,49,0
1013,48,-2
1016,47,-2
1021,48,8
1027,49,8
1028,43,6
1031,47,-56
1034,41,26
1035,39,23
1036,38,26
1037,40,21
1127,32,35
1134,36,14
1151,39,-9
1166,45,26
1167,46,24
1172,46,21
1173,46,6
1176,46,9
1178,47,9
1208,38,41
1210,47,29
1212,42,22
1213,36,-5
2281,1,104
2435,34,-119
2638,41,-74
2862,38,24
1110,42,12
