2250258032
8748469844
0716849078
9351306164
9729751589
2409925099
1321677103
6752312115
7717591751
3649507312
0618642427
3410832228
2999099344
3292365434
0795035511
8474514622
1980171898
0044051983
1608809544
1836837140
4601036302
1072277070
1656674585
0286905065
9534906255
5864513214
5406296207
9420132431
2808175144
1592774928
5377110457
2501009554
7044004659
2533568874
6730262028
0062629981
4614613059
3800010265
8517237663
5821674916
0031858083
3264615216
7020902329
2030746574
1526808963
4477874912
8855017979
3581110705
0217606751
7104489841
7495577764
5333781176
9137316138
7101458274
3780810193
0219768446
7016300752
0863961356
0193742637
5136728098
3308300732
3778485813
1747188370
2246640790
4575726492
8321383604
3100726918
2027795663
6655563151
1330671906
1384297991
1197908035
6373015904
7522599291
6314669730
1328907516
9188121588
1531619112
1350603932
1467394331
9233372212
4139795725
0593183211
3171569981
5799405899
7678347024
4769506469
1546718396
1231951548
6415495675
2588511815
5950972076
2101230733
4661556545
3166319428
9132719730
9202495254
1755902443
3961612619
7993364743
4523963758
8491583392
6312121633
7463457416
9316423496
3478668338
1941764131
2534729596
7807515669
2858839711
1107921343
4482149896
0849662291
9686524489
7807812700
4524485045
0153687559
2344831411
4759602335
8777445473
5699190358
6850860141
3329142651
9573210831
2683857507
8989868459
5133772228
3063337819
7511376349
5581839778
5467562994
6551520064
8072034999
1458463732
6662967614
3684605186
5090054625
3626251737
5506261847
6195091702
0215196258
9415861932
7385787352
1724796107
8287520697
6336098060
5726129390
5247141759
8655175448
3689937543
2615114726
6006430512
3483998006
6020084775
8121333980
2789316737
7707698807
5616405498
6015233056
2916833390
5369468020
0829214990
0683767797
2296632641
3559933532
8655589957
0319440502
5820599108
1246248426
0960689481
1410688092
1092567391
6595933870
5748000199
1616504463
4933347653
8407306227
7247267871
7913247951
7954886532
7559919808
0610654643
6596672613
2508097133
9064525569
9737927839
3402206985
6632837249
4317777061
4813264089
4904604472
4203753420
4750038758
4177577086
1082452791
2943150132
1206937591
4116009352
5308470037
9352440001
0576938295
9576982403
5524321663
8091594146
9497754840
0218710571
0010964125
0825861405
5329359211
9584018846
8979864828
1994988086
5149418982
3526436733
1472109637
6915285142
4716757876
9599389097
2494254228
3444064010
1306437109
1053809844
2109112268
3967589214
3397995473
0889284364
6691453563
0471867220
9289487744
2788604897
5601779018
7502267112
6109283829
1245587305
3439373077
7403086149
8059527614
7874417866
2075577155
6448548275
1093984925
5393327204
4052047449
9480383367
6597736290
8191977314
2285851475
0686438286
2752783924
9805757967
6687330013
2564728163
5207660287
8100495937
0485305485
3129809859
8988436647
9570468773
2954929177
9089404291
7336542627
5996491173
0946544405
6746759795
8726226432
5733538400
3448446509
6451640182
7252311175
4691328977
6705282886
5953382604
4184949103
5622931490
2733750483
8428964633
2005797912
0704625637
3941280201
6366513920
8540178297
0854471273
3627145271
2541280376
9716103001
2154778966
6887433057
8826040325
7476639057
5415833752
3758036554
9302553878
8850166169
3029388853
0591435024
3996458033
7487797121
4583639363
0054970185
5837313934
8104035935
7111655103
3233470045
5805416671
1202211855
0954378881
9371262086
4018274466
7690074076
6323609419
7360382392
8338630229
1717743370
3735570847
4373373507
7358517335
0191041740
8898703812
2703892056
4321880899
0702392284
2938752672
1012016483
0273216610
4011015581
2056125510
4293533912
8029988404
9305303754
5238794061
2197716252
3415505471
1969610198
2929466001
3906005781
7139656971
8804145166
9864867522
7880524397
0473804049
1420490287
6731492456
8034204695
5747247964
6522900784
4770404653
6680105118
4320992687
8122075591
7452525462
6006675619
1872397127
8856987960
7435830403
4771790224
0614296399
5253040286
5142429279
8115301066
3217093926
6255268935
4579473385
1981174493
4200626009
1739609149
2236614107
8418349256
1792130820
0171890870
9299684512
1142916050
8526785707
9164502237
0125996552
9556826170
5180610033
6606655740
5054740857
1304154470
4068743919
0048694430
3067829213
0896017846
6302236721
7977455375
2238414871
3278692025
0289541152
1121829015
5066713349
5730690564
9332074867
6075548607
2466832193
8499781441
4240432054
1603705187
7659052441
9297873189
4279483450
5091818690
5010448919
1113075149
2208831561
4959587575
8987057134
5365329630
4192596399
3041357819
5988073430
9247423829
5622684720
6122224604
8617496722
0943254372
2261548553
0473576982
9222790174
0922988479
4646827432
7948860673
5117549937
1339390500
8456404107
9489574281
5432956553
9675030973
9701393752
1630846681
2070716538
2095880072
5476395971
9909824618
9476266475
0472014447
3133053521
9554646385
5351359740
5809265235
9260049596
0443854665
5229036042
9786842552
2505568753
9097401454
6802102640
7593900358
0606214993
8979568738
2329752903
1844960412
9351604929
9592811162
3274601549
4873685199
5296278661
4023305066
9983974760
7832109667
6923673389
2527013221
0069452056
1306851055
7196593323
7176157281
8763102009
6601783920
4323682773
4858668532
3000517780
7591563989
0786901553
7073873415
3185150965
1081461445
9987105224
7625938411
6788660908
1630584629
6117301028
0839470499
4005569736
9647601612
5984405415
3501597257
7830437368
6181295857
1322429233
7157031543
3508773397
5896931161
0672937124
1557769630
5987605068
4719262603
7238662446
4137683140
2705496665
9254677269
3035403882
8527623186
3142495129
7658619286
5450727552
7342318153
4483331825
0416244025
3451545609
6242032906
4517129922
6969123034
3457168767
5550642203
3190368555
0699139728
6494037829
1698444750
1151370276
5126874624
3426774073
6196245452
1179354296
3125276673
7186631279
8287665811
7744428310
3871092572
1582750339
8327103887
9227675370
5756598904
8693906272
3172967757
2346920934
9042305757
1591818440
8582978790
0492853650
6233166132
8513417968
3266896622
4401251540
6786942665
5141335457
9866100328
8580336984
9013421390
9324228157
7986733258
8203900309
9375512758
3650251481
3815633697
2822859111
0396815911
3345585706
2422245655
1004963641
9739376501
7601160005
7325753143
5209583759
7163526747
7114714642
1157220597
7509058992
4698551787
2784157780
7251196909
9374936517
2245529652
8198509623
9975075540
5958778345
5648962818
6443729660
8741681790
7702067610
6291841529
9944462483
1587399033
6925388027
0960893423
3114224186
8680300585
9946297365
1230101596
3227108988
1793762827
4771323505
3782321078
7659224358
8311062702
4129117579
0324217268
0563407090
3628277943
8522274751
3485645041
6423417474
3291057956
7604662814
5619936710
9661917236
6206313531
2443374738
3665099540
5850700784
1698705184
6622596286
0553546968
0596210010
3212327118
9813183940
0619546658
2215531572
0855279523
2213099585
4671825641
1637522801
3091214541
7264257992
2865700788
9318863396
8536113712
8333212770
1480129916
9927643363
2708201929
1639580802
4516691254
2544653845
9548318790
6484130869
4521936750
2806864573
7845487917
9466714596
4494975938
7766159474
3295971555
9190546725
4073896379
1756404264
8456220866
0538460187
3376305328
4905374212
8181259040
7449885503
9847782038
0712814765
2793603822
2926225903
4454997183
5909558099
1892443177
9808369101
2758848782
5301638239
4753633938
0231141001
2977545677
3334889724
3264464798
9262529441
7619006377
2600069360
4920821042
5878586552
4014151041
2151739221
2745437054
0247492695
9299349394
9404332431
8406122622
0862125084
8216031661
9395146234
8944668063
0825368615
3072016322
1315909787
3239989616
2857477453
4867700100
6903487560
3636427942
0022371173
6822672982
3882748033
9365785204
1092412283
6109860986
7102485813
9671845984
9513413707
1112366479
0527733180
4878634637
9881245210
7650502677
8460426845
5663069427
8912194133
8952552489
0172199785
6340932296
0525377577
5256439025
5621530814
6875191207
6957279792
9246361910
1888502292
6382914524
2135523429
5335656388
2159496734
5829976012
9705052665
0510111117
4625052160
0412733196
1352489029
4671596230
3155646083
6308630111
9387007938
3600897120
8735961385
1111772942
4618029585
4440092113
7507968765
0164284217
5816888767
0747308523
2324953451
8800532093
5863108655
7187103195
4903855023
7546334757
5045383672
7939015698
6057457632
9103054478
1575577147
2371222614
1841147435
0573016912
3041874927
4162175362
9525048650
3330101284
5348704597
9834514071
8842624108
4030454465
2042270201
3728241651
4450940685
3275797084
8048808528
8957689612
7698328912
5620035633
0650974724
8246427208
6503080940
4551452720
6567385928
8665324887
0139920917
9655973506
1693001693
7339114911
5516391860
3182667323
4129334562
7275066413
3679315442
9505876823
9700027836
0694682579
8966627491
2042411211
1461588043
2191047064
0642524160
6805571677
5783753195
0081847429
9874028792
3234556852
5803968848
8853082942
1728281278
7746929735
0342802592
8333975208
2749516940
2992924074
2178004000
0609923712
8293468172
1410440420
7002114469
2695524175
2877460675
8174183186
9660666065
5893022807
7122099674
4494750478
6116524187
6694574059
1743576652
5152948480
8492359882
3560212715
4605808600
7569658735
2515255007
0804798081
8562481635
1988502289
6443697266
7816603997
9280782058
1628688161
9027191825
9972538933
5903255825
6141774643
3483511278
7702343664
5769526790
1027242236
3583537500
4983908583
1281968342
5487580295
8361140060
4002882592
4198390045
1212221494
8022821709
2125296698
1154334630
9570115148
2867608037
4040882573
3296673665
7819137529
4714657725
3531149535
9169322519
0635469186
9303206556
3924962444
4940013438
2917810559
7894638559
7818319659
4001214284
0372574942
6811394464
3285273207
7954787423
0452802684
9242526850
5481434309
6079496694
4584976458
7157144855
8246967976
8535764977
3079157692
9385022848
3366298620
1187453818
7219444442
2632195082
0040160569
2410932237
3109204333
1554649436
3213320512
8005970046
5682435771
7455230736
0171460271
3652179326
6030599965
4360377394
2660140593
1824866592
6620200388
3947827444
2685610086
4296191413
2713424661
6071102504
3351234961
6614210235
7221580488
1330822272
9822165406
6616572471
8818623843
7110487641
7883105202
8782221605
9110383384
5658985939
5664390831
8106445489
2709753553
9326072557
2673157796
6038592797
2205613823
2230978361
8255152595
0697605529
8917532541
0916886473
8092630878
8854083429
1812122022
1005824447
5732222001
4653751188
2341176930
0789312033
5369409613
8346965626
6855118002
9532346512
8141277738
3718108447
2375872646
3268246922
3695945979
7227034519
9710387611
3772873422
0518001742
0489012055
2876041498
1755654327
8006674022
8363702073
6939507686
9166925664
0791979550
6405254897
7472669444
3205507530
8967373831
7572840794
7834521303
8046541375
2698289729
5077390557
7106259549
1893384431
5251909237
8939703802
9887391352
3496060714
4739871782
1565165756
6793954112
3563288486
5819732392
6159445216
4924027131
8089848165
4330445358
6847266970
1039104584
7368025184
3156544325
1599733942
4111061471
8104214701
6002773312
4717882640
4018769802
1551049375
3936578234
5276357111
0263054794
4802893255
0650612062
9008202538