906,447,90.75817732
906,897,85.56545484
906,896,41.40881999
906,281,22.82735416
906,997,15.68120795
906,295,15.71140899
906,296,52.99633422
906,291,61.25845113
906,1173,70.01462779
906,293,52.05227932
906,293,16.53847054
906,397,59.53159643
906,396,12.67568773
906,400,37.28812474
906,905,91.67916753
906,297,18.56917019
906,1016,5.614956981
906,999,63.2470438
906,894,96.76553932
906,880,51.8231724
906,1178,58.21395052
892,447,94.96519451
892,897,69.75918566
892,896,19.93101311
892,281,85.85825523
892,296,88.18115655
892,291,1.02517059
892,293,45.0921418
892,902,12.43167603
892,396,2.990833341
892,905,60.35836132
892,297,43.99114845
892,999,91.86693514
892,1178,32.33836254
447,906,96.48082603
447,892,27.95290529
447,2862,47.88778623
447,897,50.9736702
447,896,97.79615977
447,281,56.00001681
447,1021,52.4881236
447,997,17.54865498
447,295,39.6348837
447,885,18.88479382
447,296,21.62698849
447,420,29.11480297
447,291,25.98711283
447,419,7.928670208
447,1173,43.56604422
447,293,46.57574891
447,726,11.95213702
447,406,1.156838313
447,902,2.091562681
447,867,20.03892738
447,2435,7.79066366
447,408,22.45330657
447,397,16.0714723
447,396,84.54408402
447,400,1.973407181
447,1151,8.565909692
447,905,74.83763301
447,378,68.84768737
447,1134,29.44709165
447,297,63.67556991
447,1016,28.37003204
447,431,72.12253425
447,1166,26.70289579
447,2281,23.66408796
447,880,76.25042291
447,1027,78.30252093
447,1127,14.93725337
447,890,26.47612267
447,1178,14.11097126
280,397,93.55209457
2862,447,10.59259305
2862,1034,18.91696603
2862,897,16.37392861
2862,281,15.24232992
2862,997,26.88689448
2862,885,8.111207122
2862,296,2.411390857
2862,291,23.65674726
2862,1173,17.07418216
2862,1037,48.24922783
2862,1036,70.97818061
2862,1210,54.68661137
2862,882,48.15730844
2862,882,92.30461301
2862,400,18.41993099
2862,905,78.06629399
2862,378,14.89983743
2862,1134,65.76522927
2862,297,33.2600726
2862,1016,25.09366149
2862,1166,2.052443622
2862,880,3.944744899
2862,889,51.04995255
2862,876,28.2140176
2862,1127,70.73138715
2862,1178,58.58327558
1034,2862,41.66799319
897,906,87.41703637
897,892,51.65463015
897,447,6.339063923
897,2862,51.61506785
897,1004,10.99806998
897,896,92.51220497
897,281,46.8717307
897,1021,29.4770678
897,997,21.29617806
897,885,0.482025613
897,289,72.04937783
897,296,30.83017058
897,420,77.05785342
897,291,24.68198503
897,901,82.37747676
897,1173,18.69757031
897,293,45.01224058
897,902,2.256385524
897,899,50.96925331
897,893,8.158447911
897,396,22.23300795
897,400,57.70492638
897,1003,20.15019561
897,1151,56.65831272
897,905,21.45577449
897,907,59.82074208
897,1134,31.79692742
897,297,11.83831918
897,1016,55.43800678
897,999,46.4866775
897,1166,32.6167896
897,894,91.6659909
897,1013,43.40389167
897,880,17.29290119
897,1127,78.97544378
897,903,96.98168618
897,890,13.79003207
897,1178,16.62689006
1004,897,14.03483971
1004,997,7.400152517
1004,397,85.1366492
1004,999,84.8823629
896,906,4.578463345
896,892,31.63960978
896,447,3.411989116
896,897,96.32841953
896,997,88.94905145
896,291,71.47021937
896,902,0.631003237
896,899,84.14425822
896,400,15.21504557
896,905,93.26687219
896,297,48.44592134
896,999,75.20331647
757,997,6.052400847
877,880,85.80726206
877,881,89.18090581
281,906,51.68483776
281,892,50.30332717
281,447,74.19336389
281,2862,83.26270632
281,897,6.561568319
281,1021,33.03875659
281,291,90.97307236
281,1173,40.47188883
281,293,30.4480278
281,902,9.416056102
281,400,25.49062475
281,1151,92.76367319
281,905,4.850010018
281,1134,1.693309943
281,297,30.59223279
281,1016,91.12426324
281,880,25.50504909
281,890,17.34081235
281,1178,10.28105652
1021,447,64.85856161
1021,897,24.68992469
1021,281,37.06353371
1021,997,25.91241372
1021,291,19.46501247
1021,293,47.04029389
1021,902,57.47106652
1021,397,90.33402692
1021,400,21.04163656
1021,297,52.84415075
997,906,72.40156228
997,447,23.95113458
997,2862,1.679790072
997,897,32.33671725
997,1004,52.48547706
997,896,82.16666017
997,757,44.45807645
997,1021,49.49235898
997,885,8.789315186
997,461,31.81203421
997,296,8.094194487
997,420,58.68821905
997,433,51.19134363
997,736,43.13448078
997,291,48.3424285
997,1173,18.15150612
997,293,7.009372759
997,2435,69.90984043
997,882,40.70816889
997,400,17.38652716
997,1151,21.98322638
997,905,87.9004609
997,378,44.54188419
997,1134,20.32035333
997,297,50.96483714
997,1016,27.39303864
997,1166,77.87094086
997,894,47.63525296
997,1013,73.29471568
997,2281,14.83099359
997,880,27.53324753
997,889,64.48964626
997,1127,63.5802237
997,890,35.47610835
997,1178,53.21593485
295,906,54.31432242
295,447,30.93341491
295,902,96.32266595
295,907,62.14234207
295,297,22.75795503
295,1178,56.01732028
864,447,85.87197311
864,874,53.59499115
864,867,7.231142687
864,870,25.37012528
864,869,62.57059326
864,873,31.19429932
885,447,53.07089232
885,2862,19.16491017
885,897,38.50830572
885,997,98.80924643
885,296,16.04279233
885,291,24.58010091
885,396,82.67728925
885,297,39.87210976
885,886,79.08561742
885,888,70.48744838
885,890,54.43585603
885,1178,38.96730915
1008,397,18.3649789
289,897,72.77484133
289,296,27.65228042
289,291,1.768011579
289,397,74.34469742
289,297,26.28474612
461,997,18.38542435
461,291,39.32799346
461,1210,55.64671929
461,397,8.602407479
461,400,14.46125526
461,905,38.16521529
461,297,18.06922503
461,1178,39.21097442
296,906,21.66192658
296,906,50.85514809
296,892,34.83820075
296,447,57.54154795
296,2862,15.48273229
296,897,20.88512156
296,997,53.94398128
296,885,77.47988255
296,289,50.33666509
296,291,67.30265143
296,419,32.24437208
296,293,4.656599622
296,902,21.11281196
296,2435,98.44183362
296,397,8.733275592
296,400,66.94743339
296,905,36.52915611
296,907,2.429828139
296,378,60.13095443
296,1134,32.0499492
296,297,51.62836607
296,1016,97.94637874
296,1166,52.35729992
296,889,36.57257149
296,432,88.08254453
296,1127,94.17331397
296,1178,16.6154977
874,447,12.62813491
874,281,31.39569159
874,864,75.71331337
874,867,47.99112726
874,400,52.98409611
420,447,96.8675332
420,897,99.82924527
420,997,66.19604101
420,291,3.093531707
420,397,44.39337186
420,400,28.9032505
433,997,51.56274411
433,1134,37.9723015
433,1013,22.00208047
736,281,9.872383877
736,997,88.60891986
292,291,1.468343556
292,902,16.62698471
292,297,73.14321946
291,906,34.17697143
291,892,90.6971558
291,447,10.01420992
291,2862,10.96843737
291,897,22.42896592
291,896,28.32759939
291,281,95.87974342
291,1021,14.26588017
291,997,1.765069834
291,885,19.23503109
291,885,12.95474264
291,289,24.28642961
291,461,61.73982677
291,296,35.74733518
291,420,71.65841204
291,292,94.55840481
291,1173,47.73183767
291,293,7.685390291
291,902,28.10679239
291,1210,94.10116659
291,2435,86.18593824
291,882,11.36319557
291,397,9.602929304
291,400,8.492720584
291,1151,96.50621402
291,905,43.00810484
291,378,9.029782903
291,1134,5.466778195
291,297,30.25012201
291,1166,84.35553118
291,887,28.79351604
291,2281,10.41213145
291,880,21.03711803
291,889,1.632745053
291,1127,27.49154679
291,891,28.15956322
291,890,59.42893861
291,1178,7.174052682
1213,400,20.44984827
419,447,49.67117428
419,296,49.42624401
419,397,9.253579961
419,396,41.08028637
419,400,41.46120424
419,1134,51.05876896
901,897,78.24605261
901,397,25.94315048
901,905,9.722461007
1173,906,1.046031865
1173,447,84.45987324
1173,2862,34.23751771
1173,897,85.49749024
1173,281,14.21302233
1173,997,16.36105459
1173,291,5.22842437
1173,397,89.99922196
1173,400,8.970374378
1173,1151,33.02080803
1173,905,19.59700043
1173,1134,57.62654758
1173,297,2.953796395
1173,1127,91.65881915
1173,1178,21.09615471
293,906,67.25909319
293,892,59.42869944
293,447,62.42178039
293,897,35.03036786
293,281,97.13797599
293,1021,29.43672262
293,997,45.27580958
293,296,25.35943151
293,291,10.9382578
293,902,22.02967787
293,400,10.46009694
293,400,7.150561048
293,1151,20.09892179
293,1134,60.13748315
293,297,33.61053106
293,1178,23.04068312
406,447,24.51658965
902,892,15.8830792
902,447,94.43011312
902,897,72.37484484
902,896,34.67985031
902,281,33.11445711
902,1021,1.727036918
902,295,82.27530029
902,296,53.69619451
902,292,57.55178953
902,291,19.18290484
902,293,13.12566873
902,397,57.89307653
902,400,26.42070974
902,905,66.70777825
902,297,22.82532267
902,999,7.315742801
902,1178,3.774863501
1037,2862,10.84759665
410,397,94.61158009
1036,2862,7.759835998
867,864,31.2580085
867,874,65.53635631
867,870,90.19484269
867,873,67.60833274
1210,2862,54.14121546
1210,461,62.08720635
1210,291,89.04440971
1210,882,11.64653236
1210,1151,95.9466322
1210,297,87.10684667
1210,1166,8.166702236
1210,432,57.2394295
2435,447,24.81544929
2435,997,35.60237804
2435,296,78.6873904
2435,291,52.03933213
2435,400,48.58332456
2435,905,20.02993333
2435,297,47.44422586
2435,1178,27.01640525
408,447,25.59134474
408,400,58.39212483
882,447,14.92448131
882,2862,44.75433176
882,997,40.15527857
882,291,55.00150736
882,291,13.22463337
882,1210,73.1665754
882,396,43.59738671
882,400,80.21032314
882,1134,31.74710513
882,297,43.05138247
882,1166,52.82404788
882,880,32.62205126
882,1127,53.38203693
882,1178,30.15737662
899,897,43.24837439
899,896,96.31670733
899,400,72.48525989
899,905,81.32925917
397,906,40.88044928
397,447,50.91301474
397,280,42.86144341
397,1004,35.00953721
397,1021,15.45718163
397,1008,12.21136428
397,289,41.09330124
397,461,3.147935047
397,296,82.24417029
397,420,89.79754078
397,291,19.86469205
397,419,66.21861877
397,901,36.49782696
397,1173,66.83329619
397,902,18.53597077
397,410,83.98475774
397,905,41.73872983
397,907,61.63064569
397,1016,67.49633116
397,999,8.401049117
397,454,26.21710223
397,1178,19.9885688
893,897,63.77686043
893,905,76.33173466
396,906,55.29707718
396,892,32.55014474
396,447,42.55131965
396,897,24.66721644
396,885,42.14250432
396,420,60.20244741
396,419,79.75155316
396,882,58.99733088
396,1134,39.64905876
396,883,33.89168234
396,889,19.76258614
396,876,52.160295
400,906,48.31826671
400,447,11.01504557
400,2862,16.60320555
400,897,15.53815121
400,896,37.51730247
400,281,4.16881351
400,1021,59.72357889
400,997,60.90597532
400,461,45.95076852
400,296,36.6799053
400,874,52.02870003
400,420,15.24766194
400,291,5.863089905
400,419,1.722414397
400,1173,5.127405176
400,293,42.27615741
400,902,14.33995998
400,2435,50.95858836
400,408,38.79573917
400,882,42.3041361
400,899,39.99762051
400,1151,45.877357
400,905,1.189327631
400,378,43.8000315
400,1134,26.87331646
400,297,10.18083814
400,999,9.36763284
400,1166,12.05236344
400,888,46.74009045
400,454,34.68257778
400,2281,41.77792846
400,880,32.25499549
400,889,46.6844271
400,1127,78.68604442
400,890,4.298396206
400,1178,19.55343031
1003,897,27.61395616
1151,906,87.66850036
1151,447,7.951072818
1151,897,56.33033322
1151,281,38.53632683
1151,997,65.04325191
1151,291,29.32005654
1151,1173,47.69433044
1151,293,35.6625116
1151,1210,8.967300175
1151,400,29.99954704
1151,905,30.09834373
1151,297,75.18152561
1151,999,47.28663435
1151,1178,73.96331699
1176,1178,4.530571726
905,906,89.06507432
905,892,2.652984516
905,447,93.12735934
905,2862,38.35758513
905,897,17.58798634
905,896,65.80080276
905,281,61.71780852
905,997,57.67652141
905,461,73.60054576
905,296,23.17986586
905,291,61.59869365
905,901,83.87640824
905,1173,49.38142907
905,902,71.38408505
905,2435,14.25763734
905,899,76.91975819
905,397,4.196493649
905,893,25.64191687
905,400,77.99304641
905,1151,51.63462
905,907,27.88307464
905,904,83.13093606
905,297,38.57645942
905,1016,98.53814797
905,999,6.887933405
905,894,10.54924411
905,880,16.63481907
905,1027,79.90465529
905,1127,45.34818562
905,903,75.94126016
905,1178,28.16207192
907,897,61.51955459
907,295,45.07348251
907,296,67.89569742
907,397,17.15347731
907,905,54.43400388
907,297,44.40912235
378,447,28.90242009
378,2862,5.49798149
378,997,13.8028412
378,296,33.29111636
378,291,15.02481424
378,400,1.755657031
378,1134,54.94563772
378,297,89.51238479
378,1016,99.35331428
378,1178,48.41989759
904,905,85.34974229
1134,447,24.65559572
1134,2862,8.769410842
1134,897,21.86215806
1134,281,39.72869315
1134,997,15.95627266
1134,296,74.74741596
1134,296,16.34448649
1134,433,42.2372213
1134,291,11.00043852
1134,419,56.89415429
1134,1173,89.97185901
1134,293,70.5759718
1134,882,49.0539315
1134,396,71.98891702
1134,400,94.95840674
1134,378,14.5478289
1134,297,51.78552008
1134,431,43.45999211
1134,999,6.111298634
1134,1178,78.61421872
297,906,12.63024993
297,892,80.95949801
297,447,59.70730993
297,2862,32.37580477
297,897,19.47965471
297,896,80.3561221
297,281,85.06268288
297,1021,81.37480877
297,1021,54.87052123
297,997,61.05403044
297,295,59.03964133
297,885,19.14836402
297,289,61.44258382
297,461,68.52099466
297,296,45.19322374
297,292,12.89429142
297,291,10.15314169
297,1173,29.67049709
297,293,27.33053843
297,902,66.25794879
297,1210,23.6815975
297,2435,68.98379217
297,882,72.82859085
297,400,23.636307
297,1151,32.86757736
297,905,13.92558634
297,907,91.96484248
297,378,66.48854435
297,1134,36.55859045
297,1166,55.31211537
297,454,66.91550203
297,1167,53.84037108
297,880,41.69979904
297,889,39.75406771
297,876,92.04710828
297,1127,12.19779594
297,1172,42.07044661
297,891,30.61629626
297,890,39.20614771
297,1178,31.02441881
870,864,7.625245585
870,867,3.307226003
869,864,79.3092332
1016,906,51.56173372
1016,447,22.30610688
1016,2862,59.76019121
1016,897,32.56689668
1016,281,97.03339558
1016,997,7.522567005
1016,296,37.56486289
1016,397,91.72315529
1016,905,38.3095123
1016,378,20.79406574
1016,999,93.31421993
431,447,88.03696217
431,1134,94.28114908
999,906,28.48429321
999,892,99.21029223
999,897,98.26234258
999,1004,71.92800234
999,896,86.67767477
999,902,61.06684792
999,397,10.04094861
999,400,45.84016733
999,1151,5.843130311
999,905,81.55661985
999,1134,68.13755514
999,1016,19.48326869
999,1027,63.55243662
999,1028,89.47070817
886,885,8.066028423
886,889,11.79688084
886,890,39.99618615
1166,447,52.46116657
1166,2862,70.77319722
1166,897,65.81433529
1166,997,13.54020007
1166,296,6.639697109
1166,291,83.60003916
1166,1210,25.37235825
1166,882,99.20647026
1166,400,51.95148481
1166,297,3.298525976
1166,880,8.21549695
1166,1178,18.76896944
894,906,3.983503295
894,897,68.63018992
894,997,7.728669114
894,905,84.9939115
883,396,91.31672616
883,880,24.84399533
887,291,6.644194745
887,891,23.69466271
887,890,95.19108106
888,400,95.83251501
888,889,21.04325675
888,890,98.42924497
1013,897,39.20399501
1013,997,30.96218953
1013,433,39.25768341
454,397,25.84789031
454,400,56.21660943
454,297,89.14490327
1167,297,23.51043775
2281,447,90.83830896
2281,997,75.20522794
2281,291,15.09394646
2281,400,8.149906952
2281,1178,63.94522101
1212,890,88.3701261
1212,1178,67.58293753
880,906,67.37517566
880,447,50.10807434
880,2862,5.397178086
880,897,88.00534867
880,877,47.50436212
880,281,60.42911987
880,997,26.74850298
880,291,17.34972939
880,882,10.87696341
880,400,17.92696102
880,905,37.34395977
880,297,27.32706682
880,1166,69.74312285
880,883,98.18490987
880,1127,82.32630203
880,881,10.52276095
880,1178,32.21565903
889,2862,85.09003631
889,997,89.79928794
889,885,66.03557453
889,296,65.63081829
889,291,27.57527922
889,396,68.66428055
889,400,24.23099198
889,297,44.71523763
889,886,77.9823235
889,890,11.12451422
889,1178,12.25136122
432,296,81.65203293
432,1210,15.12603215
1027,447,61.46474878
1027,905,15.43651554
1027,999,20.86899254
876,2862,8.81853091
876,396,63.66098019
876,297,79.79034496
1028,999,71.2553019
1127,447,78.94481955
1127,2862,70.96612404
1127,897,31.90849097
1127,997,75.43253696
1127,296,84.13100982
1127,291,66.49562028
1127,1173,9.368518034
1127,882,50.64727177
1127,400,35.24007663
1127,905,27.03166296
1127,297,28.46567196
1127,880,33.814963
1127,1178,7.873858386
1172,297,47.44815174
881,877,16.60750674
881,880,36.43590136
903,897,71.27990473
903,905,39.24582636
891,291,20.60428795
891,297,43.89294783
891,887,32.20152339
891,890,18.78368619
890,447,82.01398792
890,897,21.90449452
890,281,60.43321603
890,997,92.32446441
890,885,18.80438337
890,291,31.73659202
890,400,29.17205988
890,297,29.38132361
890,886,22.15875399
890,888,15.81582368
890,1212,4.074202547
890,889,63.224281
890,891,47.53364659
890,1178,7.529699458
890,1178,6.768663656
873,864,61.97164923
873,867,84.61573212
1178,906,87.24033299
1178,892,48.73746017
1178,447,6.15237129
1178,2862,4.668656382
1178,281,92.2720489
1178,997,5.848823797
1178,295,9.42597299
1178,885,14.45225892
1178,461,40.58957531
1178,296,2.352910965
1178,291,3.455733402
1178,1173,43.9065234
1178,293,16.58153716
1178,902,43.87740233
1178,2435,55.30549164
1178,882,65.09167486
1178,397,7.141330689
1178,400,3.426494791
1178,1151,14.46936075
1178,1176,76.00631064
1178,905,30.28745929
1178,378,64.00591665
1178,1134,42.71893863
1178,297,18.79677707
1178,1166,91.95323384
1178,2281,61.08937686
1178,1212,10.07502145
1178,880,60.08969485
1178,889,85.61072846
1178,889,32.34906147
1178,1127,98.25609645
1178,890,97.92750585
